[app/ui]
version = 7.2.0
modtime = 1554182691.831770000

[app/launcher]
version = 7.2.0
modtime = 1554182691.834172000
